       972
         1      4375         5         3
         2      4376         5         3
         3      4377         5         1
         4      4378         5         1
         5      4379         5         1
         6      4380         5         1
         7      4381         5         3
        10      4382         5         1
        11      4383         5         1
        12      4384         5         1
        13      4385         5         3
        16      4386         5         1
        17      4387         5         1
        18      4388         5         1
        19      4389         5         3
        22      4390         5         1
        23      4391         5         1
        24      4392         5         1
        25      4393         5         3
        28      4394         5         1
        29      4395         5         1
        30      4396         5         1
        31      4397         5         3
        34      4398         5         1
        35      4399         5         1
        36      4400         5         1
        37      4401         5         3
        40      4402         5         1
        41      4403         5         1
        42      4404         5         1
        43      4405         5         3
        46      4406         5         1
        47      4407         5         1
        48      4408         5         1
        49      4409         5         3
        52      4410         5         1
        53      4411         5         1
        53      4412         5         4
        54      4413         5         1
        54      4414         5         4
        56      4415         5         3
        57      4416         5         1
        58      4417         5         1
        59      4418         5         1
        64      4419         5         1
        65      4420         5         1
        70      4421         5         1
        71      4422         5         1
        76      4423         5         1
        77      4424         5         1
        82      4425         5         1
        83      4426         5         1
        88      4427         5         1
        89      4428         5         1
        94      4429         5         1
        95      4430         5         1
       100      4431         5         1
       101      4432         5         1
       106      4433         5         1
       107      4434         5         1
       107      4435         5         4
       108      4436         5         4
       110      4437         5         3
       111      4438         5         1
       112      4439         5         1
       113      4440         5         1
       118      4441         5         1
       119      4442         5         1
       124      4443         5         1
       125      4444         5         1
       130      4445         5         1
       131      4446         5         1
       136      4447         5         1
       137      4448         5         1
       142      4449         5         1
       143      4450         5         1
       148      4451         5         1
       149      4452         5         1
       154      4453         5         1
       155      4454         5         1
       160      4455         5         1
       161      4456         5         1
       161      4457         5         4
       162      4458         5         4
       164      4459         5         3
       165      4460         5         1
       166      4461         5         1
       167      4462         5         1
       172      4463         5         1
       173      4464         5         1
       178      4465         5         1
       179      4466         5         1
       184      4467         5         1
       185      4468         5         1
       190      4469         5         1
       191      4470         5         1
       196      4471         5         1
       197      4472         5         1
       202      4473         5         1
       203      4474         5         1
       208      4475         5         1
       209      4476         5         1
       214      4477         5         1
       215      4478         5         1
       215      4479         5         4
       216      4480         5         4
       218      4481         5         3
       219      4482         5         1
       220      4483         5         1
       221      4484         5         1
       226      4485         5         1
       227      4486         5         1
       232      4487         5         1
       233      4488         5         1
       238      4489         5         1
       239      4490         5         1
       244      4491         5         1
       245      4492         5         1
       250      4493         5         1
       251      4494         5         1
       256      4495         5         1
       257      4496         5         1
       262      4497         5         1
       263      4498         5         1
       268      4499         5         1
       269      4500         5         1
       269      4501         5         4
       270      4502         5         4
       272      4503         5         3
       273      4504         5         1
       274      4505         5         1
       275      4506         5         1
       280      4507         5         1
       281      4508         5         1
       286      4509         5         1
       287      4510         5         1
       292      4511         5         1
       293      4512         5         1
       298      4513         5         1
       299      4514         5         1
       304      4515         5         1
       305      4516         5         1
       310      4517         5         1
       311      4518         5         1
       316      4519         5         1
       317      4520         5         1
       322      4521         5         1
       323      4522         5         1
       323      4523         5         4
       324      4524         5         4
       326      4525         5         3
       327      4526         5         1
       328      4527         5         1
       329      4528         5         1
       334      4529         5         1
       335      4530         5         1
       340      4531         5         1
       341      4532         5         1
       346      4533         5         1
       347      4534         5         1
       352      4535         5         1
       353      4536         5         1
       358      4537         5         1
       359      4538         5         1
       364      4539         5         1
       365      4540         5         1
       370      4541         5         1
       371      4542         5         1
       376      4543         5         1
       377      4544         5         1
       377      4545         5         4
       378      4546         5         4
       380      4547         5         3
       381      4548         5         1
       382      4549         5         1
       383      4550         5         1
       388      4551         5         1
       389      4552         5         1
       394      4553         5         1
       395      4554         5         1
       400      4555         5         1
       401      4556         5         1
       406      4557         5         1
       407      4558         5         1
       412      4559         5         1
       413      4560         5         1
       418      4561         5         1
       419      4562         5         1
       424      4563         5         1
       425      4564         5         1
       430      4565         5         1
       431      4566         5         1
       431      4567         5         4
       432      4568         5         4
       434      4569         5         3
       435      4570         5         1
       435      4571         5         4
       436      4572         5         1
       436      4573         5         4
       437      4574         5         1
       441      4575         5         4
       442      4576         5         1
       442      4577         5         4
       443      4578         5         1
       447      4579         5         4
       448      4580         5         1
       448      4581         5         4
       449      4582         5         1
       453      4583         5         4
       454      4584         5         1
       454      4585         5         4
       455      4586         5         1
       459      4587         5         4
       460      4588         5         1
       460      4589         5         4
       461      4590         5         1
       465      4591         5         4
       466      4592         5         1
       466      4593         5         4
       467      4594         5         1
       471      4595         5         4
       472      4596         5         1
       472      4597         5         4
       473      4598         5         1
       477      4599         5         4
       478      4600         5         1
       478      4601         5         4
       479      4602         5         1
       483      4603         5         4
       484      4604         5         1
       484      4605         5         4
       485      4606         5         1
       485      4607         5         4
       486      4608         5         4
       487      4609         5         3
       488      4610         5         3
       489      4611         5         1
       492      4612         5         1
       493      4613         5         3
       498      4614         5         1
       499      4615         5         3
       504      4616         5         1
       505      4617         5         3
       510      4618         5         1
       511      4619         5         3
       516      4620         5         1
       517      4621         5         3
       522      4622         5         1
       523      4623         5         3
       528      4624         5         1
       529      4625         5         3
       534      4626         5         1
       535      4627         5         3
       539      4628         5         4
       540      4629         5         1
       540      4630         5         4
       542      4631         5         3
       543      4632         5         1
       593      4633         5         4
       594      4634         5         4
       596      4635         5         3
       597      4636         5         1
       647      4637         5         4
       648      4638         5         4
       650      4639         5         3
       651      4640         5         1
       701      4641         5         4
       702      4642         5         4
       704      4643         5         3
       705      4644         5         1
       755      4645         5         4
       756      4646         5         4
       758      4647         5         3
       759      4648         5         1
       809      4649         5         4
       810      4650         5         4
       812      4651         5         3
       813      4652         5         1
       863      4653         5         4
       864      4654         5         4
       866      4655         5         3
       867      4656         5         1
       917      4657         5         4
       918      4658         5         4
       920      4659         5         3
       921      4660         5         1
       921      4661         5         4
       922      4662         5         4
       927      4663         5         4
       928      4664         5         4
       933      4665         5         4
       934      4666         5         4
       939      4667         5         4
       940      4668         5         4
       945      4669         5         4
       946      4670         5         4
       951      4671         5         4
       952      4672         5         4
       957      4673         5         4
       958      4674         5         4
       963      4675         5         4
       964      4676         5         4
       969      4677         5         4
       970      4678         5         4
       971      4679         5         4
       972      4680         5         4
       973      4681         5         3
       974      4682         5         3
       975      4683         5         1
       978      4684         5         1
       979      4685         5         3
       984      4686         5         1
       985      4687         5         3
       990      4688         5         1
       991      4689         5         3
       996      4690         5         1
       997      4691         5         3
      1002      4692         5         1
      1003      4693         5         3
      1008      4694         5         1
      1009      4695         5         3
      1014      4696         5         1
      1015      4697         5         3
      1020      4698         5         1
      1021      4699         5         3
      1025      4700         5         4
      1026      4701         5         1
      1026      4702         5         4
      1028      4703         5         3
      1029      4704         5         1
      1079      4705         5         4
      1080      4706         5         4
      1082      4707         5         3
      1083      4708         5         1
      1133      4709         5         4
      1134      4710         5         4
      1136      4711         5         3
      1137      4712         5         1
      1187      4713         5         4
      1188      4714         5         4
      1190      4715         5         3
      1191      4716         5         1
      1241      4717         5         4
      1242      4718         5         4
      1244      4719         5         3
      1245      4720         5         1
      1295      4721         5         4
      1296      4722         5         4
      1298      4723         5         3
      1299      4724         5         1
      1349      4725         5         4
      1350      4726         5         4
      1352      4727         5         3
      1353      4728         5         1
      1403      4729         5         4
      1404      4730         5         4
      1406      4731         5         3
      1407      4732         5         1
      1407      4733         5         4
      1408      4734         5         4
      1413      4735         5         4
      1414      4736         5         4
      1419      4737         5         4
      1420      4738         5         4
      1425      4739         5         4
      1426      4740         5         4
      1431      4741         5         4
      1432      4742         5         4
      1437      4743         5         4
      1438      4744         5         4
      1443      4745         5         4
      1444      4746         5         4
      1449      4747         5         4
      1450      4748         5         4
      1455      4749         5         4
      1456      4750         5         4
      1457      4751         5         4
      1458      4752         5         4
      1459      4753         5         3
      1460      4754         5         3
      1461      4755         5         1
      1464      4756         5         1
      1465      4757         5         3
      1470      4758         5         1
      1471      4759         5         3
      1476      4760         5         1
      1477      4761         5         3
      1482      4762         5         1
      1483      4763         5         3
      1488      4764         5         1
      1489      4765         5         3
      1494      4766         5         1
      1495      4767         5         3
      1500      4768         5         1
      1501      4769         5         3
      1506      4770         5         1
      1507      4771         5         3
      1511      4772         5         4
      1512      4773         5         1
      1512      4774         5         4
      1514      4775         5         3
      1515      4776         5         1
      1565      4777         5         4
      1566      4778         5         4
      1568      4779         5         3
      1569      4780         5         1
      1619      4781         5         4
      1620      4782         5         4
      1622      4783         5         3
      1623      4784         5         1
      1673      4785         5         4
      1674      4786         5         4
      1676      4787         5         3
      1677      4788         5         1
      1727      4789         5         4
      1728      4790         5         4
      1730      4791         5         3
      1731      4792         5         1
      1781      4793         5         4
      1782      4794         5         4
      1784      4795         5         3
      1785      4796         5         1
      1835      4797         5         4
      1836      4798         5         4
      1838      4799         5         3
      1839      4800         5         1
      1889      4801         5         4
      1890      4802         5         4
      1892      4803         5         3
      1893      4804         5         1
      1893      4805         5         4
      1894      4806         5         4
      1899      4807         5         4
      1900      4808         5         4
      1905      4809         5         4
      1906      4810         5         4
      1911      4811         5         4
      1912      4812         5         4
      1917      4813         5         4
      1918      4814         5         4
      1923      4815         5         4
      1924      4816         5         4
      1929      4817         5         4
      1930      4818         5         4
      1935      4819         5         4
      1936      4820         5         4
      1941      4821         5         4
      1942      4822         5         4
      1943      4823         5         4
      1944      4824         5         4
      1945      4825         5         3
      1946      4826         5         3
      1947      4827         5         1
      1950      4828         5         1
      1951      4829         5         3
      1956      4830         5         1
      1957      4831         5         3
      1962      4832         5         1
      1963      4833         5         3
      1968      4834         5         1
      1969      4835         5         3
      1974      4836         5         1
      1975      4837         5         3
      1980      4838         5         1
      1981      4839         5         3
      1986      4840         5         1
      1987      4841         5         3
      1992      4842         5         1
      1993      4843         5         3
      1997      4844         5         4
      1998      4845         5         1
      1998      4846         5         4
      2000      4847         5         3
      2001      4848         5         1
      2051      4849         5         4
      2052      4850         5         4
      2054      4851         5         3
      2055      4852         5         1
      2105      4853         5         4
      2106      4854         5         4
      2108      4855         5         3
      2109      4856         5         1
      2159      4857         5         4
      2160      4858         5         4
      2162      4859         5         3
      2163      4860         5         1
      2213      4861         5         4
      2214      4862         5         4
      2216      4863         5         3
      2217      4864         5         1
      2267      4865         5         4
      2268      4866         5         4
      2270      4867         5         3
      2271      4868         5         1
      2321      4869         5         4
      2322      4870         5         4
      2324      4871         5         3
      2325      4872         5         1
      2375      4873         5         4
      2376      4874         5         4
      2378      4875         5         3
      2379      4876         5         1
      2379      4877         5         4
      2380      4878         5         4
      2385      4879         5         4
      2386      4880         5         4
      2391      4881         5         4
      2392      4882         5         4
      2397      4883         5         4
      2398      4884         5         4
      2403      4885         5         4
      2404      4886         5         4
      2409      4887         5         4
      2410      4888         5         4
      2415      4889         5         4
      2416      4890         5         4
      2421      4891         5         4
      2422      4892         5         4
      2427      4893         5         4
      2428      4894         5         4
      2429      4895         5         4
      2430      4896         5         4
      2431      4897         5         3
      2432      4898         5         3
      2433      4899         5         1
      2436      4900         5         1
      2437      4901         5         3
      2442      4902         5         1
      2443      4903         5         3
      2448      4904         5         1
      2449      4905         5         3
      2454      4906         5         1
      2455      4907         5         3
      2460      4908         5         1
      2461      4909         5         3
      2466      4910         5         1
      2467      4911         5         3
      2472      4912         5         1
      2473      4913         5         3
      2478      4914         5         1
      2479      4915         5         3
      2483      4916         5         4
      2484      4917         5         1
      2484      4918         5         4
      2486      4919         5         3
      2487      4920         5         1
      2537      4921         5         4
      2538      4922         5         4
      2540      4923         5         3
      2541      4924         5         1
      2591      4925         5         4
      2592      4926         5         4
      2594      4927         5         3
      2595      4928         5         1
      2645      4929         5         4
      2646      4930         5         4
      2648      4931         5         3
      2649      4932         5         1
      2699      4933         5         4
      2700      4934         5         4
      2702      4935         5         3
      2703      4936         5         1
      2753      4937         5         4
      2754      4938         5         4
      2756      4939         5         3
      2757      4940         5         1
      2807      4941         5         4
      2808      4942         5         4
      2810      4943         5         3
      2811      4944         5         1
      2861      4945         5         4
      2862      4946         5         4
      2864      4947         5         3
      2865      4948         5         1
      2865      4949         5         4
      2866      4950         5         4
      2871      4951         5         4
      2872      4952         5         4
      2877      4953         5         4
      2878      4954         5         4
      2883      4955         5         4
      2884      4956         5         4
      2889      4957         5         4
      2890      4958         5         4
      2895      4959         5         4
      2896      4960         5         4
      2901      4961         5         4
      2902      4962         5         4
      2907      4963         5         4
      2908      4964         5         4
      2913      4965         5         4
      2914      4966         5         4
      2915      4967         5         4
      2916      4968         5         4
      2917      4969         5         3
      2918      4970         5         3
      2919      4971         5         1
      2922      4972         5         1
      2923      4973         5         3
      2928      4974         5         1
      2929      4975         5         3
      2934      4976         5         1
      2935      4977         5         3
      2940      4978         5         1
      2941      4979         5         3
      2946      4980         5         1
      2947      4981         5         3
      2952      4982         5         1
      2953      4983         5         3
      2958      4984         5         1
      2959      4985         5         3
      2964      4986         5         1
      2965      4987         5         3
      2969      4988         5         4
      2970      4989         5         1
      2970      4990         5         4
      2972      4991         5         3
      2973      4992         5         1
      3023      4993         5         4
      3024      4994         5         4
      3026      4995         5         3
      3027      4996         5         1
      3077      4997         5         4
      3078      4998         5         4
      3080      4999         5         3
      3081      5000         5         1
      3131      5001         5         4
      3132      5002         5         4
      3134      5003         5         3
      3135      5004         5         1
      3185      5005         5         4
      3186      5006         5         4
      3188      5007         5         3
      3189      5008         5         1
      3239      5009         5         4
      3240      5010         5         4
      3242      5011         5         3
      3243      5012         5         1
      3293      5013         5         4
      3294      5014         5         4
      3296      5015         5         3
      3297      5016         5         1
      3347      5017         5         4
      3348      5018         5         4
      3350      5019         5         3
      3351      5020         5         1
      3351      5021         5         4
      3352      5022         5         4
      3357      5023         5         4
      3358      5024         5         4
      3363      5025         5         4
      3364      5026         5         4
      3369      5027         5         4
      3370      5028         5         4
      3375      5029         5         4
      3376      5030         5         4
      3381      5031         5         4
      3382      5032         5         4
      3387      5033         5         4
      3388      5034         5         4
      3393      5035         5         4
      3394      5036         5         4
      3399      5037         5         4
      3400      5038         5         4
      3401      5039         5         4
      3402      5040         5         4
      3403      5041         5         3
      3404      5042         5         3
      3405      5043         5         1
      3408      5044         5         1
      3409      5045         5         3
      3414      5046         5         1
      3415      5047         5         3
      3420      5048         5         1
      3421      5049         5         3
      3426      5050         5         1
      3427      5051         5         3
      3432      5052         5         1
      3433      5053         5         3
      3438      5054         5         1
      3439      5055         5         3
      3444      5056         5         1
      3445      5057         5         3
      3450      5058         5         1
      3451      5059         5         3
      3455      5060         5         4
      3456      5061         5         1
      3456      5062         5         4
      3458      5063         5         3
      3459      5064         5         1
      3509      5065         5         4
      3510      5066         5         4
      3512      5067         5         3
      3513      5068         5         1
      3563      5069         5         4
      3564      5070         5         4
      3566      5071         5         3
      3567      5072         5         1
      3617      5073         5         4
      3618      5074         5         4
      3620      5075         5         3
      3621      5076         5         1
      3671      5077         5         4
      3672      5078         5         4
      3674      5079         5         3
      3675      5080         5         1
      3725      5081         5         4
      3726      5082         5         4
      3728      5083         5         3
      3729      5084         5         1
      3779      5085         5         4
      3780      5086         5         4
      3782      5087         5         3
      3783      5088         5         1
      3833      5089         5         4
      3834      5090         5         4
      3836      5091         5         3
      3837      5092         5         1
      3837      5093         5         4
      3838      5094         5         4
      3843      5095         5         4
      3844      5096         5         4
      3849      5097         5         4
      3850      5098         5         4
      3855      5099         5         4
      3856      5100         5         4
      3861      5101         5         4
      3862      5102         5         4
      3867      5103         5         4
      3868      5104         5         4
      3873      5105         5         4
      3874      5106         5         4
      3879      5107         5         4
      3880      5108         5         4
      3885      5109         5         4
      3886      5110         5         4
      3887      5111         5         4
      3888      5112         5         4
      3889      5113         5         3
      3889      5114         5         4
      3890      5115         5         3
      3890      5116         5         4
      3891      5117         5         1
      3894      5118         5         1
      3895      5119         5         3
      3895      5120         5         4
      3896      5121         5         4
      3900      5122         5         1
      3901      5123         5         3
      3901      5124         5         4
      3902      5125         5         4
      3906      5126         5         1
      3907      5127         5         3
      3907      5128         5         4
      3908      5129         5         4
      3912      5130         5         1
      3913      5131         5         3
      3913      5132         5         4
      3914      5133         5         4
      3918      5134         5         1
      3919      5135         5         3
      3919      5136         5         4
      3920      5137         5         4
      3924      5138         5         1
      3925      5139         5         3
      3925      5140         5         4
      3926      5141         5         4
      3930      5142         5         1
      3931      5143         5         3
      3931      5144         5         4
      3932      5145         5         4
      3936      5146         5         1
      3937      5147         5         3
      3937      5148         5         4
      3938      5149         5         4
      3941      5150         5         4
      3942      5151         5         1
      3942      5152         5         4
      3943      5153         5         4
      3944      5154         5         3
      3944      5155         5         4
      3945      5156         5         1
      3949      5157         5         4
      3950      5158         5         4
      3955      5159         5         4
      3956      5160         5         4
      3961      5161         5         4
      3962      5162         5         4
      3967      5163         5         4
      3968      5164         5         4
      3973      5165         5         4
      3974      5166         5         4
      3979      5167         5         4
      3980      5168         5         4
      3985      5169         5         4
      3986      5170         5         4
      3991      5171         5         4
      3992      5172         5         4
      3995      5173         5         4
      3996      5174         5         4
      3997      5175         5         4
      3998      5176         5         3
      3998      5177         5         4
      3999      5178         5         1
      4003      5179         5         4
      4004      5180         5         4
      4009      5181         5         4
      4010      5182         5         4
      4015      5183         5         4
      4016      5184         5         4
      4021      5185         5         4
      4022      5186         5         4
      4027      5187         5         4
      4028      5188         5         4
      4033      5189         5         4
      4034      5190         5         4
      4039      5191         5         4
      4040      5192         5         4
      4045      5193         5         4
      4046      5194         5         4
      4049      5195         5         4
      4050      5196         5         4
      4051      5197         5         4
      4052      5198         5         3
      4052      5199         5         4
      4053      5200         5         1
      4057      5201         5         4
      4058      5202         5         4
      4063      5203         5         4
      4064      5204         5         4
      4069      5205         5         4
      4070      5206         5         4
      4075      5207         5         4
      4076      5208         5         4
      4081      5209         5         4
      4082      5210         5         4
      4087      5211         5         4
      4088      5212         5         4
      4093      5213         5         4
      4094      5214         5         4
      4099      5215         5         4
      4100      5216         5         4
      4103      5217         5         4
      4104      5218         5         4
      4105      5219         5         4
      4106      5220         5         3
      4106      5221         5         4
      4107      5222         5         1
      4111      5223         5         4
      4112      5224         5         4
      4117      5225         5         4
      4118      5226         5         4
      4123      5227         5         4
      4124      5228         5         4
      4129      5229         5         4
      4130      5230         5         4
      4135      5231         5         4
      4136      5232         5         4
      4141      5233         5         4
      4142      5234         5         4
      4147      5235         5         4
      4148      5236         5         4
      4153      5237         5         4
      4154      5238         5         4
      4157      5239         5         4
      4158      5240         5         4
      4159      5241         5         4
      4160      5242         5         3
      4160      5243         5         4
      4161      5244         5         1
      4165      5245         5         4
      4166      5246         5         4
      4171      5247         5         4
      4172      5248         5         4
      4177      5249         5         4
      4178      5250         5         4
      4183      5251         5         4
      4184      5252         5         4
      4189      5253         5         4
      4190      5254         5         4
      4195      5255         5         4
      4196      5256         5         4
      4201      5257         5         4
      4202      5258         5         4
      4207      5259         5         4
      4208      5260         5         4
      4211      5261         5         4
      4212      5262         5         4
      4213      5263         5         4
      4214      5264         5         3
      4214      5265         5         4
      4215      5266         5         1
      4219      5267         5         4
      4220      5268         5         4
      4225      5269         5         4
      4226      5270         5         4
      4231      5271         5         4
      4232      5272         5         4
      4237      5273         5         4
      4238      5274         5         4
      4243      5275         5         4
      4244      5276         5         4
      4249      5277         5         4
      4250      5278         5         4
      4255      5279         5         4
      4256      5280         5         4
      4261      5281         5         4
      4262      5282         5         4
      4265      5283         5         4
      4266      5284         5         4
      4267      5285         5         4
      4268      5286         5         3
      4268      5287         5         4
      4269      5288         5         1
      4273      5289         5         4
      4274      5290         5         4
      4279      5291         5         4
      4280      5292         5         4
      4285      5293         5         4
      4286      5294         5         4
      4291      5295         5         4
      4292      5296         5         4
      4297      5297         5         4
      4298      5298         5         4
      4303      5299         5         4
      4304      5300         5         4
      4309      5301         5         4
      4310      5302         5         4
      4315      5303         5         4
      4316      5304         5         4
      4319      5305         5         4
      4320      5306         5         4
      4321      5307         5         4
      4322      5308         5         3
      4322      5309         5         4
      4323      5310         5         1
      4323      5311         5         4
      4324      5312         5         4
      4327      5313         5         4
      4328      5314         5         4
      4329      5315         5         4
      4330      5316         5         4
      4333      5317         5         4
      4334      5318         5         4
      4335      5319         5         4
      4336      5320         5         4
      4339      5321         5         4
      4340      5322         5         4
      4341      5323         5         4
      4342      5324         5         4
      4345      5325         5         4
      4346      5326         5         4
      4347      5327         5         4
      4348      5328         5         4
      4351      5329         5         4
      4352      5330         5         4
      4353      5331         5         4
      4354      5332         5         4
      4357      5333         5         4
      4358      5334         5         4
      4359      5335         5         4
      4360      5336         5         4
      4363      5337         5         4
      4364      5338         5         4
      4365      5339         5         4
      4366      5340         5         4
      4369      5341         5         4
      4370      5342         5         4
      4371      5343         5         4
      4372      5344         5         4
      4373      5345         5         4
      4374      5346         5         4
